# Entfernung Nuk100 Nuk130 Nuk160 Ion100 Ion130 Ion160 Hyp100 Gty 100%
1 1.3161111111111 1.2772222222222 1.25 2.7827777777778 2.7480555555556 2.7233333333333 4.5155555555556 4.5
2 1.7069444444444 1.62 1.5588888888889 3.1322222222222 3.0544444444444 3 4.5352777777778 4.5
3 1.9486111111111 1.8319444444444 1.75 3.3483333333333 3.2441666666667 3.1705555555556 4.5472222222222 4.5
4 2.14 2 1.9011111111111 3.5197222222222 3.3941666666667 3.3061111111111 4.5569444444444 4.5
5 2.3036111111111 2.1433333333333 2.0305555555556 3.6661111111111 3.5227777777778 3.4219444444444 4.565 4.5
6 2.4488888888889 2.2708333333333 2.1455555555556 3.7961111111111 3.6366666666667 3.5244444444444 4.5722222222222 4.5
7 2.5811111111111 2.3866666666667 2.25 3.9141666666667 3.7402777777778 3.6177777777778 4.5788888888889 4.5
8 2.7027777777778 2.4933333333333 2.3461111111111 4.0230555555556 3.8358333333333 3.7038888888889 4.585 4.5
9 2.8163888888889 2.5930555555556 2.4361111111111 4.1247222222222 3.925 3.7844444444444 4.5905555555556 4.5
10 2.9233333333333 2.6869444444444 2.5205555555556 4.2202777777778 4.0088888888889 3.86 4.5961111111111 4.5
11 3.025 2.7758333333333 2.6005555555556 4.3108333333333 4.0883333333333 3.9316666666667 4.6011111111111 4.5
12 3.125 2.8602777777778 2.6769444444444 4.3972222222222 4.1638888888889 4 4.6058333333333 4.5
13 3.225 2.9413888888889 2.75 4.4797222222222 4.2363888888889 4.065 4.6105555555556 4.5
14 3.325 3.0191666666667 2.82 4.5588888888889 4.3058333333333 4.1277777777778 4.615 4.5
15 3.425 3.0961111111111 2.8872222222222 4.6352777777778 4.3727777777778 4.1880555555556 4.6191666666667 4.5
16 3.525 3.1730555555556 2.9525 4.7088888888889 4.4372222222222 4.2463888888889 4.6233333333333 4.5
17 3.625 3.25 3.0155555555556 4.7802777777778 4.5 4.3025 4.6272222222222 4.5
18 3.725 3.3266666666667 3.0780555555556 4.8494444444444 4.5605555555556 4.3572222222222 4.6311111111111 4.5
19 3.825 3.4036111111111 3.1405555555556 4.9163888888889 4.6194444444444 4.4102777777778 4.635 4.5
20 3.925 3.4805555555556 3.2030555555556 4.9816666666667 4.6766666666667 4.4619444444444 4.6386111111111 4.5
21 4.025 3.5575 3.2655555555556 5.0455555555556 4.7325 4.5122222222222 4.6422222222222 4.5
22 4.125 3.6344444444444 3.3280555555556 5.1075 4.7869444444444 4.5613888888889 4.6455555555556 4.5
23 4.225 3.7113888888889 3.3905555555556 5.1680555555556 4.8402777777778 4.6094444444444 4.6488888888889 4.5
24 4.325 3.7883333333333 3.4530555555556 5.2275 4.8922222222222 4.6561111111111 4.6522222222222 4.5
25 4.425 3.8652777777778 3.5155555555556 5.2855555555556 4.9430555555556 4.7022222222222 4.6555555555556 4.5
26 4.525 3.9422222222222 3.5780555555556 5.3425 4.9930555555556 4.7469444444444 4.6588888888889 4.5
27 4.625 4.0191666666667 3.6405555555556 5.3980555555556 5.0419444444444 4.7911111111111 4.6619444444444 4.5
28 4.725 4.0961111111111 3.7030555555556 5.4527777777778 5.0897222222222 4.8344444444444 4.665 4.5
29 4.825 4.1730555555556 3.7655555555556 5.5063888888889 5.1369444444444 4.8769444444444 4.6680555555556 4.5
30 4.925 4.25 3.8280555555556 5.5591666666667 5.1830555555556 4.9186111111111 4.6708333333333 4.5
31 5.025 4.3266666666667 3.8905555555556 5.6111111111111 5.2286111111111 4.9594444444444 4.6738888888889 4.5
32 5.125 4.4036111111111 3.9530555555556 5.6622222222222 5.2733333333333 5 4.6766666666667 4.5
33 5.225 4.4805555555556 4.0155555555556 5.7122222222222 5.3175 5.0394444444444 4.6794444444444 4.5
34 5.325 4.5575 4.0780555555556 5.7616666666667 5.3608333333333 5.0786111111111 4.6822222222222 4.5
35 5.425 4.6344444444444 4.1405555555556 5.8105555555556 5.4033333333333 5.1172222222222 4.685 4.5
36 5.525 4.7113888888889 4.2030555555556 5.8583333333333 5.4455555555556 5.155 4.6875 4.5
37 5.625 4.7883333333333 4.2655555555556 5.9058333333333 5.4869444444444 5.1925 4.6902777777778 4.5
38 5.725 4.8652777777778 4.3280555555556 5.9525 5.5280555555556 5.2294444444444 4.6927777777778 4.5
39 5.825 4.9422222222222 4.3905555555556 5.9983333333333 5.5683333333333 5.2658333333333 4.6955555555556 4.5
40 5.925 5.0191666666667 4.4530555555556 6.0438888888889 5.6080555555556 5.3016666666667 4.6980555555556 4.5
41 6.025 5.0961111111111 4.5155555555556 6.0886111111111 5.6475 5.3372222222222 4.7005555555556 4.5
42 6.125 5.1730555555556 4.5780555555556 6.1330555555556 5.6863888888889 5.3722222222222 4.7030555555556 4.5
43 6.225 5.25 4.6405555555556 6.1769444444444 5.7247222222222 5.4066666666667 4.7052777777778 4.5
44 6.325 5.3266666666667 4.7030555555556 6.22 5.7627777777778 5.4408333333333 4.7077777777778 4.5
45 6.425 5.4036111111111 4.7655555555556 6.2627777777778 5.8002777777778 5.4747222222222 4.7102777777778 4.5
46 6.525 5.4805555555556 4.8280555555556 6.305 5.8372222222222 5.5080555555556 4.7125 4.5
47 6.625 5.5575 4.8905555555556 6.3469444444444 5.8738888888889 5.5411111111111 4.715 4.5
48 6.725 5.6344444444444 4.9530555555556 6.3883333333333 5.9102777777778 5.5738888888889 4.7172222222222 4.5
49 6.825 5.7113888888889 5.0155555555556 6.4291666666667 5.9461111111111 5.6063888888889 4.7194444444444 4.5
50 6.925 5.7883333333333 5.0780555555556 6.4697222222222 5.9816666666667 5.6383333333333 4.7216666666667 4.5
51 7.025 5.8652777777778 5.1405555555556 6.51 6.0169444444444 5.67 4.7238888888889 4.5
52 7.125 5.9422222222222 5.2030555555556 6.55 6.0516666666667 5.7013888888889 4.7261111111111 4.5
53 7.225 6.0191666666667 5.2655555555556 6.59 6.0861111111111 5.7325 4.7283333333333 4.5
54 7.325 6.0961111111111 5.3280555555556 6.63 6.1202777777778 5.7633333333333 4.7305555555556 4.5
55 7.425 6.1730555555556 5.3905555555556 6.67 6.1541666666667 5.7938888888889 4.7327777777778 4.5
56 7.525 6.25 5.4530555555556 6.71 6.1877777777778 5.8238888888889 4.735 4.5
57 7.625 6.3266666666667 5.5155555555556 6.75 6.2208333333333 5.8538888888889 4.7369444444444 4.5
58 7.725 6.4036111111111 5.5780555555556 6.79 6.2538888888889 5.8836111111111 4.7391666666667 4.5
59 7.825 6.4805555555556 5.6405555555556 6.83 6.2863888888889 5.9130555555556 4.7411111111111 4.5
60 7.925 6.5575 5.7030555555556 6.87 6.3188888888889 5.9422222222222 4.7433333333333 4.5
61 8.025 6.6344444444444 5.7655555555556 6.91 6.3508333333333 5.9711111111111 4.7452777777778 4.5
62 8.125 6.7113888888889 5.8280555555556 6.95 6.3827777777778 6 4.7472222222222 4.5
63 8.225 6.7883333333333 5.8905555555556 6.99 6.4144444444444 6.0283333333333 4.7494444444444 4.5
64 8.325 6.8652777777778 5.9530555555556 7.03 6.4455555555556 6.0566666666667 4.7513888888889 4.5
65 8.425 6.9422222222222 6.0155555555556 7.07 6.4766666666667 6.0844444444444 4.7533333333333 4.5
66 8.525 7.0191666666667 6.0780555555556 7.11 6.5075 6.1122222222222 4.7552777777778 4.5
67 8.625 7.0961111111111 6.1405555555556 7.15 6.5383333333333 6.14 4.7575 4.5
68 8.725 7.1730555555556 6.2030555555556 7.19 6.5691666666667 6.1672222222222 4.7594444444444 4.5
69 8.825 7.25 6.2655555555556 7.23 6.6 6.1944444444444 4.7613888888889 4.5
70 8.925 7.3266666666667 6.3280555555556 7.27 6.6305555555556 6.2213888888889 4.7633333333333 4.5
71 9.025 7.4036111111111 6.3905555555556 7.31 6.6613888888889 6.2480555555556 4.7652777777778 4.5
72 9.125 7.4805555555556 6.4530555555556 7.35 6.6922222222222 6.2747222222222 4.7675 4.5
73 9.225 7.5575 6.5155555555556 7.39 6.7230555555556 6.3011111111111 4.7694444444444 4.5
74 9.325 7.6344444444444 6.5780555555556 7.43 6.7536111111111 6.3275 4.7713888888889 4.5
75 9.425 7.7113888888889 6.6405555555556 7.47 6.7844444444444 6.3533333333333 4.7733333333333 4.5
76 9.525 7.7883333333333 6.7030555555556 7.51 6.8152777777778 6.3791666666667 4.7752777777778 4.5
77 9.625 7.8652777777778 6.7655555555556 7.55 6.8461111111111 6.405 4.7775 4.5
78 9.725 7.9422222222222 6.8280555555556 7.59 6.8766666666667 6.4305555555556 4.7794444444444 4.5
79 9.825 8.0191666666667 6.8905555555556 7.63 6.9075 6.4558333333333 4.7813888888889 4.5
80 9.925 8.0961111111111 6.9530555555556 7.67 6.9383333333333 6.4811111111111 4.7833333333333 4.5
81 10.025 8.1730555555556 7.0155555555556 7.71 6.9691666666667 6.5061111111111 4.7852777777778 4.5
82 10.125 8.25 7.0780555555556 7.75 7 6.5311111111111 4.7875 4.5
83 10.225 8.3266666666667 7.1405555555556 7.79 7.0305555555556 6.5561111111111 4.7894444444444 4.5
84 10.325 8.4036111111111 7.2030555555556 7.83 7.0613888888889 6.5811111111111 4.7913888888889 4.5
85 10.425 8.4805555555556 7.2655555555556 7.87 7.0922222222222 6.6061111111111 4.7933333333333 4.5
86 10.525 8.5575 7.3280555555556 7.91 7.1230555555556 6.6311111111111 4.7952777777778 4.5
87 10.625 8.6344444444444 7.3905555555556 7.95 7.1536111111111 6.6561111111111 4.7975 4.5
88 10.725 8.7113888888889 7.4530555555556 7.99 7.1844444444444 6.6811111111111 4.7994444444444 4.5
89 10.825 8.7883333333333 7.5155555555556 8.03 7.2152777777778 6.7061111111111 4.8013888888889 4.5
90 10.925 8.8652777777778 7.5780555555556 8.07 7.2461111111111 6.7311111111111 4.8033333333333 4.5
91 11.025 8.9422222222222 7.6405555555556 8.11 7.2766666666667 6.7561111111111 4.8052777777778 4.5
92 11.125 9.0191666666667 7.7030555555556 8.15 7.3075 6.7811111111111 4.8075 4.5
93 11.225 9.0961111111111 7.7655555555556 8.19 7.3383333333333 6.8061111111111 4.8094444444444 4.5
94 11.325 9.1730555555556 7.8280555555556 8.23 7.3691666666667 6.8311111111111 4.8113888888889 4.5
95 11.425 9.25 7.8905555555556 8.27 7.4 6.8561111111111 4.8133333333333 4.5
96 11.525 9.3266666666667 7.9530555555556 8.31 7.4305555555556 6.8811111111111 4.8152777777778 4.5
97 11.625 9.4036111111111 8.0155555555556 8.35 7.4613888888889 6.9061111111111 4.8175 4.5
98 11.725 9.4805555555556 8.0780555555556 8.39 7.4922222222222 6.9311111111111 4.8194444444444 4.5
99 11.825 9.5575 8.1405555555556 8.43 7.5230555555556 6.9561111111111 4.8213888888889 4.5
100 11.925 9.6344444444444 8.2030555555556 8.47 7.5536111111111 6.9811111111111 4.8233333333333 4.5
