# Entfernung Nuk100 Nuk130 Nuk160 Ion100 Ion130 Ion160 Hyp100 Gty 100%
1 15 18 20 2 3 3 25 1000
2 22 25 28 4 4 5 35 1000
3 27 31 34 4 5 6 43 1000
4 31 36 40 5 6 7 50 1000
5 35 40 44 6 7 7 56 1000
6 38 44 48 6 7 8 61 1000
7 41 47 52 7 8 9 66 1000
8 44 50 56 8 9 10 71 1000
9 47 54 60 8 9 10 75 1000
10 50 57 63 8 10 11 80 1000
11 50 59 66 9 10 11 83 1000
12 50 62 69 9 11 12 87 1000
13 50 65 72 10 11 12 91 1000
14 50 65 74 10 12 13 94 1000
15 50 65 77 10 12 13 97 1000
16 50 65 80 11 12 14 101 1000
17 50 65 80 11 13 14 104 1000
18 50 65 80 12 13 15 107 1000
19 50 65 80 12 14 15 110 1000
20 50 65 80 12 14 15 113 1000
21 50 65 80 12 14 16 115 1000
22 50 65 80 13 15 16 118 1000
23 50 65 80 13 15 17 121 1000
24 50 65 80 13 15 17 123 1000
25 50 65 80 14 16 17 126 1000
26 50 65 80 14 16 18 128 1000
27 50 65 80 14 16 18 131 1000
28 50 65 80 14 17 18 133 1000
29 50 65 80 15 17 19 136 1000
30 50 65 80 15 17 19 138 1000
31 50 65 80 15 17 19 140 1000
32 50 65 80 16 18 20 143 1000
33 50 65 80 16 18 20 145 1000
34 50 65 80 16 18 20 147 1000
35 50 65 80 16 19 21 149 1000
36 50 65 80 16 19 21 151 1000
37 50 65 80 17 19 21 153 1000
38 50 65 80 17 19 22 155 1000
39 50 65 80 17 20 22 157 1000
40 50 65 80 17 20 22 160 1000
41 50 65 80 18 20 22 161 1000
42 50 65 80 18 20 23 163 1000
43 50 65 80 18 21 23 165 1000
44 50 65 80 18 21 23 167 1000
45 50 65 80 18 21 24 169 1000
46 50 65 80 19 21 24 171 1000
47 50 65 80 19 22 24 173 1000
48 50 65 80 19 22 24 175 1000
49 50 65 80 19 22 25 177 1000
50 50 65 80 20 22 25 178 1000
51 50 65 80 20 23 25 180 1000
52 50 65 80 20 23 25 182 1000
53 50 65 80 20 23 26 184 1000
54 50 65 80 20 23 26 185 1000
55 50 65 80 20 23 26 187 1000
56 50 65 80 20 24 26 189 1000
57 50 65 80 20 24 27 190 1000
58 50 65 80 20 24 27 192 1000
59 50 65 80 20 24 27 194 1000
60 50 65 80 20 24 27 195 1000
61 50 65 80 20 25 27 197 1000
62 50 65 80 20 25 28 199 1000
63 50 65 80 20 25 28 200 1000
64 50 65 80 20 25 28 200 1000
65 50 65 80 20 26 28 200 1000
66 50 65 80 20 26 29 200 1000
67 50 65 80 20 26 29 201 1000
68 50 65 80 20 26 29 201 1000
69 50 65 80 20 26 29 201 1000
70 50 65 80 20 26 29 201 1000
71 50 65 80 20 26 30 202 1000
72 50 65 80 20 26 30 202 1000
73 50 65 80 20 26 30 202 1000
74 50 65 80 20 26 30 202 1000
75 50 65 80 20 26 30 203 1000
76 50 65 80 20 26 31 203 1000
77 50 65 80 20 26 31 203 1000
78 50 65 80 20 26 31 203 1000
79 50 65 80 20 26 31 204 1000
80 50 65 80 20 26 32 204 1000
81 50 65 80 20 26 32 204 1000
82 50 65 80 20 26 32 204 1000
83 50 65 80 20 26 32 205 1000
84 50 65 80 20 26 32 205 1000
85 50 65 80 20 26 32 205 1000
86 50 65 80 20 26 32 205 1000
87 50 65 80 20 26 32 206 1000
88 50 65 80 20 26 32 206 1000
89 50 65 80 20 26 32 206 1000
90 50 65 80 20 26 32 206 1000
91 50 65 80 20 26 32 207 1000
92 50 65 80 20 26 32 207 1000
93 50 65 80 20 26 32 207 1000
94 50 65 80 20 26 32 207 1000
95 50 65 80 20 26 32 208 1000
96 50 65 80 20 26 32 208 1000
97 50 65 80 20 26 32 208 1000
98 50 65 80 20 26 32 208 1000
99 50 65 80 20 26 32 209 1000
100 50 65 80 20 26 32 209 1000
